,test,train,diff,it,layer
0,40.0,41.85185185185185,1.8518518518518476,0,1
1,45.0,50.37037037037037,5.370370370370367,1,1
2,31.666666666666664,40.0,8.333333333333336,2,1
3,45.0,40.74074074074074,-4.2592592592592595,3,1
4,38.333333333333336,50.18518518518519,11.851851851851855,4,1
5,33.33333333333333,52.22222222222223,18.8888888888889,5,1
6,40.0,46.85185185185185,6.851851851851848,6,1
7,35.0,44.81481481481481,9.81481481481481,7,1
8,36.666666666666664,47.96296296296296,11.296296296296298,8,1
9,43.333333333333336,46.111111111111114,2.7777777777777786,9,1
10,46.666666666666664,49.629629629629626,2.962962962962962,0,2
11,45.0,56.2962962962963,11.296296296296298,1,2
12,36.666666666666664,45.74074074074074,9.074074074074076,2,2
13,51.66666666666667,55.37037037037037,3.7037037037036953,3,2
14,31.666666666666664,46.85185185185185,15.185185185185183,4,2
15,41.66666666666667,47.40740740740741,5.7407407407407405,5,2
16,46.666666666666664,49.074074074074076,2.407407407407412,6,2
17,43.333333333333336,50.18518518518519,6.851851851851855,7,2
18,46.666666666666664,49.629629629629626,2.962962962962962,8,2
19,41.66666666666667,47.96296296296296,6.2962962962962905,9,2
20,51.66666666666667,56.481481481481474,4.8148148148148024,0,3
21,51.66666666666667,58.333333333333336,6.666666666666664,1,3
22,43.333333333333336,55.55555555555556,12.222222222222221,2,3
23,50.0,58.7037037037037,8.703703703703702,3,3
24,56.666666666666664,59.81481481481481,3.1481481481481453,4,3
25,43.333333333333336,54.25925925925926,10.925925925925924,5,3
26,48.333333333333336,52.407407407407405,4.074074074074069,6,3
27,53.333333333333336,56.481481481481474,3.148148148148138,7,3
28,43.333333333333336,52.96296296296297,9.629629629629633,8,3
29,38.333333333333336,56.2962962962963,17.962962962962962,9,3
30,38.333333333333336,50.18518518518519,11.851851851851855,0,4
31,48.333333333333336,63.51851851851852,15.185185185185183,1,4
32,53.333333333333336,63.888888888888886,10.55555555555555,2,4
33,50.0,64.07407407407408,14.074074074074076,3,4
34,45.0,59.81481481481481,14.81481481481481,4,4
35,50.0,60.92592592592593,10.925925925925931,5,4
36,46.666666666666664,58.88888888888889,12.222222222222229,6,4
37,35.0,55.18518518518518,20.185185185185183,7,4
38,55.00000000000001,62.77777777777778,7.7777777777777715,8,4
39,50.0,65.37037037037037,15.370370370370367,9,4
40,45.0,65.74074074074075,20.740740740740748,0,5
41,50.0,64.81481481481481,14.81481481481481,1,5
42,55.00000000000001,67.22222222222223,12.222222222222221,2,5
43,48.333333333333336,63.888888888888886,15.55555555555555,3,5
44,40.0,61.111111111111114,21.111111111111114,4,5
45,51.66666666666667,65.0,13.333333333333329,5,5
46,51.66666666666667,62.77777777777778,11.111111111111107,6,5
47,53.333333333333336,62.40740740740741,9.074074074074076,7,5
48,53.333333333333336,59.44444444444444,6.111111111111107,8,5
49,41.66666666666667,64.07407407407408,22.407407407407405,9,5
50,53.333333333333336,69.81481481481482,16.481481481481488,0,6
51,40.0,62.40740740740741,22.407407407407412,1,6
52,58.333333333333336,71.48148148148148,13.148148148148145,2,6
53,48.333333333333336,60.0,11.666666666666664,3,6
54,58.333333333333336,62.59259259259259,4.259259259259252,4,6
55,50.0,62.77777777777778,12.777777777777779,5,6
56,45.0,66.66666666666666,21.666666666666657,6,6
57,48.333333333333336,58.51851851851851,10.185185185185176,7,6
58,33.33333333333333,57.96296296296296,24.629629629629633,8,6
59,45.0,63.888888888888886,18.888888888888886,9,6
60,46.666666666666664,63.33333333333333,16.666666666666664,0,7
61,56.666666666666664,66.2962962962963,9.62962962962964,1,7
62,46.666666666666664,60.74074074074074,14.074074074074076,2,7
63,53.333333333333336,70.92592592592592,17.592592592592588,3,7
64,50.0,65.37037037037037,15.370370370370367,4,7
65,51.66666666666667,65.55555555555556,13.888888888888886,5,7
66,41.66666666666667,60.55555555555555,18.88888888888888,6,7
67,36.666666666666664,63.888888888888886,27.22222222222222,7,7
68,50.0,61.85185185185185,11.851851851851848,8,7
69,51.66666666666667,65.37037037037037,13.703703703703695,9,7
70,53.333333333333336,67.03703703703704,13.703703703703702,0,8
71,46.666666666666664,66.48148148148148,19.814814814814817,1,8
72,48.333333333333336,67.96296296296296,19.629629629629626,2,8
73,48.333333333333336,63.888888888888886,15.55555555555555,3,8
74,50.0,58.51851851851851,8.518518518518512,4,8
75,45.0,66.48148148148148,21.48148148148148,5,8
76,48.333333333333336,64.07407407407408,15.74074074074074,6,8
77,56.666666666666664,69.25925925925925,12.592592592592588,7,8
78,43.333333333333336,61.29629629629629,17.962962962962955,8,8
79,53.333333333333336,63.51851851851852,10.185185185185183,9,8
80,46.666666666666664,66.48148148148148,19.814814814814817,0,9
81,51.66666666666667,67.22222222222223,15.555555555555557,1,9
82,53.333333333333336,69.07407407407408,15.74074074074074,2,9
83,45.0,67.22222222222223,22.22222222222223,3,9
84,53.333333333333336,66.2962962962963,12.962962962962969,4,9
85,35.0,64.81481481481481,29.81481481481481,5,9
86,48.333333333333336,60.370370370370374,12.037037037037038,6,9
87,56.666666666666664,65.0,8.333333333333336,7,9
88,51.66666666666667,61.29629629629629,9.629629629629619,8,9
89,55.00000000000001,68.88888888888889,13.888888888888879,9,9
90,51.66666666666667,61.66666666666667,10.0,0,10
91,41.66666666666667,57.96296296296296,16.29629629629629,1,10
92,41.66666666666667,61.66666666666667,20.0,2,10
93,36.666666666666664,57.592592592592595,20.92592592592593,3,10
94,46.666666666666664,60.370370370370374,13.70370370370371,4,10
95,48.333333333333336,69.07407407407408,20.74074074074074,5,10
96,45.0,54.44444444444444,9.444444444444443,6,10
97,51.66666666666667,57.22222222222222,5.55555555555555,7,10
98,46.666666666666664,66.85185185185185,20.185185185185183,8,10
99,53.333333333333336,63.888888888888886,10.55555555555555,9,10
