,test,train,diff,it,layer
0,40.0,41.85185185185185,1.8518518518518476,0,1
1,45.0,50.37037037037037,5.370370370370367,1,1
2,31.666666666666664,40.0,8.333333333333336,2,1
3,45.0,40.74074074074074,-4.2592592592592595,3,1
4,38.333333333333336,50.18518518518519,11.851851851851855,4,1
5,33.33333333333333,52.22222222222223,18.8888888888889,5,1
6,40.0,46.85185185185185,6.851851851851848,6,1
7,35.0,44.81481481481481,9.81481481481481,7,1
8,36.666666666666664,47.96296296296296,11.296296296296298,8,1
9,43.333333333333336,46.111111111111114,2.7777777777777786,9,1
10,46.666666666666664,49.629629629629626,2.962962962962962,0,2
11,45.0,56.2962962962963,11.296296296296298,1,2
12,36.666666666666664,45.74074074074074,9.074074074074076,2,2
13,51.66666666666667,55.37037037037037,3.7037037037036953,3,2
14,31.666666666666664,46.85185185185185,15.185185185185183,4,2
15,41.66666666666667,47.40740740740741,5.7407407407407405,5,2
16,46.666666666666664,49.074074074074076,2.407407407407412,6,2
17,43.333333333333336,50.18518518518519,6.851851851851855,7,2
18,46.666666666666664,49.629629629629626,2.962962962962962,8,2
19,41.66666666666667,47.96296296296296,6.2962962962962905,9,2
20,51.66666666666667,56.481481481481474,4.8148148148148024,0,3
21,51.66666666666667,58.333333333333336,6.666666666666664,1,3
22,43.333333333333336,55.55555555555556,12.222222222222221,2,3
23,50.0,58.7037037037037,8.703703703703702,3,3
24,56.666666666666664,59.81481481481481,3.1481481481481453,4,3
25,43.333333333333336,54.25925925925926,10.925925925925924,5,3
26,48.333333333333336,52.407407407407405,4.074074074074069,6,3
27,53.333333333333336,56.481481481481474,3.148148148148138,7,3
28,43.333333333333336,52.96296296296297,9.629629629629633,8,3
29,38.333333333333336,56.2962962962963,17.962962962962962,9,3
30,38.333333333333336,50.18518518518519,11.851851851851855,0,4
31,48.333333333333336,63.51851851851852,15.185185185185183,1,4
32,53.333333333333336,63.888888888888886,10.55555555555555,2,4
33,50.0,64.07407407407408,14.074074074074076,3,4
34,45.0,59.81481481481481,14.81481481481481,4,4
35,50.0,60.92592592592593,10.925925925925931,5,4
36,46.666666666666664,58.88888888888889,12.222222222222229,6,4
37,35.0,55.18518518518518,20.185185185185183,7,4
38,55.00000000000001,62.77777777777778,7.7777777777777715,8,4
39,50.0,65.37037037037037,15.370370370370367,9,4
40,45.0,65.74074074074075,20.740740740740748,0,5
41,50.0,64.81481481481481,14.81481481481481,1,5
42,55.00000000000001,67.22222222222223,12.222222222222221,2,5
43,48.333333333333336,63.888888888888886,15.55555555555555,3,5
44,40.0,61.111111111111114,21.111111111111114,4,5
45,51.66666666666667,65.0,13.333333333333329,5,5
46,51.66666666666667,62.77777777777778,11.111111111111107,6,5
47,53.333333333333336,62.40740740740741,9.074074074074076,7,5
48,53.333333333333336,59.44444444444444,6.111111111111107,8,5
49,41.66666666666667,64.07407407407408,22.407407407407405,9,5
50,53.333333333333336,69.81481481481482,16.481481481481488,0,6
51,40.0,62.40740740740741,22.407407407407412,1,6
52,58.333333333333336,71.48148148148148,13.148148148148145,2,6
53,48.333333333333336,60.0,11.666666666666664,3,6
54,58.333333333333336,62.59259259259259,4.259259259259252,4,6
55,50.0,62.77777777777778,12.777777777777779,5,6
56,45.0,66.66666666666666,21.666666666666657,6,6
57,48.333333333333336,58.51851851851851,10.185185185185176,7,6
58,33.33333333333333,57.96296296296296,24.629629629629633,8,6
59,45.0,63.888888888888886,18.888888888888886,9,6
60,46.666666666666664,63.33333333333333,16.666666666666664,0,7
61,56.666666666666664,66.2962962962963,9.62962962962964,1,7
62,46.666666666666664,60.74074074074074,14.074074074074076,2,7
63,53.333333333333336,70.92592592592592,17.592592592592588,3,7
64,50.0,65.37037037037037,15.370370370370367,4,7
65,51.66666666666667,65.55555555555556,13.888888888888886,5,7
66,41.66666666666667,60.55555555555555,18.88888888888888,6,7
67,36.666666666666664,63.888888888888886,27.22222222222222,7,7
68,50.0,61.85185185185185,11.851851851851848,8,7
69,51.66666666666667,65.37037037037037,13.703703703703695,9,7
70,53.333333333333336,67.03703703703704,13.703703703703702,0,8
71,46.666666666666664,66.48148148148148,19.814814814814817,1,8
72,48.333333333333336,67.96296296296296,19.629629629629626,2,8
73,48.333333333333336,63.888888888888886,15.55555555555555,3,8
74,50.0,58.51851851851851,8.518518518518512,4,8
75,45.0,66.48148148148148,21.48148148148148,5,8
76,48.333333333333336,64.07407407407408,15.74074074074074,6,8
77,56.666666666666664,69.25925925925925,12.592592592592588,7,8
78,43.333333333333336,61.29629629629629,17.962962962962955,8,8
79,53.333333333333336,63.51851851851852,10.185185185185183,9,8
80,46.666666666666664,66.48148148148148,19.814814814814817,0,9
81,51.66666666666667,67.22222222222223,15.555555555555557,1,9
82,53.333333333333336,69.07407407407408,15.74074074074074,2,9
83,45.0,67.22222222222223,22.22222222222223,3,9
84,53.333333333333336,66.2962962962963,12.962962962962969,4,9
85,35.0,64.81481481481481,29.81481481481481,5,9
86,48.333333333333336,60.370370370370374,12.037037037037038,6,9
87,56.666666666666664,65.0,8.333333333333336,7,9
88,51.66666666666667,61.29629629629629,9.629629629629619,8,9
89,55.00000000000001,68.88888888888889,13.888888888888879,9,9
90,51.66666666666667,61.66666666666667,10.0,0,10
91,41.66666666666667,57.96296296296296,16.29629629629629,1,10
92,41.66666666666667,61.66666666666667,20.0,2,10
93,36.666666666666664,57.592592592592595,20.92592592592593,3,10
94,46.666666666666664,60.370370370370374,13.70370370370371,4,10
95,48.333333333333336,69.07407407407408,20.74074074074074,5,10
96,45.0,54.44444444444444,9.444444444444443,6,10
97,51.66666666666667,57.22222222222222,5.55555555555555,7,10
98,46.666666666666664,66.85185185185185,20.185185185185183,8,10
99,53.333333333333336,63.888888888888886,10.55555555555555,9,10
100,75.67567567567568,77.24550898203593,1.5698333063602519,0,1
101,77.47747747747748,77.14570858283433,-0.3317688946431474,1,1
102,74.77477477477478,76.44710578842316,1.6723310136483747,2,1
103,77.47747747747748,77.14570858283433,-0.3317688946431474,3,1
104,76.57657657657657,77.44510978043913,0.8685332038625546,4,1
105,76.57657657657657,77.7445109780439,1.1679344014673347,5,1
106,78.37837837837837,77.14570858283433,-1.2326697955440409,6,1
107,77.47747747747748,76.64670658682635,-0.8307708906511238,7,1
108,76.57657657657657,77.44510978043913,0.8685332038625546,8,1
109,76.57657657657657,76.94610778443113,0.36953120785456406,9,1
110,74.77477477477478,78.3433133732535,3.5685385984787104,0,2
111,78.37837837837837,78.0439121756487,-0.3344662027296721,1,2
112,72.07207207207207,76.54690618762476,4.474834115552682,2,2
113,77.47747747747748,78.64271457085829,1.16523709338081,3,2
114,75.67567567567568,77.9441117764471,2.2684361007714244,4,2
115,68.46846846846847,77.34530938123753,8.876840912769055,5,2
116,75.67567567567568,78.3433133732535,2.667637697577817,6,2
117,78.37837837837837,77.9441117764471,-0.4342666019312702,7,2
118,78.37837837837837,77.54491017964071,-0.8334681987376626,8,2
119,76.57657657657657,78.0439121756487,1.467335599072129,9,2
120,76.57657657657657,79.44111776447106,2.8645411878944884,0,3
121,76.57657657657657,78.3433133732535,1.7667367966769234,1,3
122,79.27927927927928,78.2435129740519,-1.0357663052273836,2,3
123,76.57657657657657,78.94211576846307,2.365539191886498,3,3
124,75.67567567567568,77.24550898203593,1.5698333063602519,4,3
125,75.67567567567568,78.3433133732535,2.667637697577817,5,3
126,73.87387387387388,76.24750499001996,2.373631116146086,6,3
127,78.37837837837837,78.74251497005989,0.3641365916815147,7,3
128,78.37837837837837,77.84431137724552,-0.5340670011328541,8,3
129,72.07207207207207,77.14570858283433,5.073636510762256,9,3
130,76.57657657657657,79.04191616766467,2.465339591088096,0,4
131,78.37837837837837,78.84231536926147,0.4639369908830986,1,4
132,77.47747747747748,78.3433133732535,0.8658358957760157,2,4
133,76.57657657657657,79.14171656686626,2.565139990289694,3,4
134,79.27927927927928,78.44311377245509,-0.8361655068241873,4,4
135,72.97297297297297,78.44311377245509,5.470140799482124,5,4
136,72.07207207207207,75.94810379241517,3.876031720343093,6,4
137,77.47747747747748,77.44510978043913,-0.03236769703835307,7,4
138,74.77477477477478,76.44710578842316,1.6723310136483747,8,4
139,78.37837837837837,77.24550898203593,-1.1328693963424428,9,4
140,79.27927927927928,78.64271457085829,-0.6365647084209911,0,5
141,75.67567567567568,78.64271457085829,2.967038895182611,1,5
142,76.57657657657657,78.1437125748503,1.5671359982737272,2,5
143,76.57657657657657,79.14171656686626,2.565139990289694,3,5
144,76.57657657657657,78.94211576846307,2.365539191886498,4,5
145,67.56756756756756,72.65469061876247,5.087123051194908,5,5
146,76.57657657657657,78.44311377245509,1.8665371958785215,6,5
147,77.47747747747748,78.0439121756487,0.5664346981712214,7,5
148,75.67567567567568,78.64271457085829,2.967038895182611,8,5
149,77.47747747747748,78.64271457085829,1.16523709338081,9,5
150,75.67567567567568,79.24151696606786,3.5658412903921857,0,6
151,78.37837837837837,80.73852295409182,2.3601445757134485,1,6
152,72.97297297297297,79.54091816367266,6.567945190699689,2,6
153,74.77477477477478,79.84031936127745,5.065544586502668,3,6
154,77.47747747747748,79.34131736526946,1.8638398877919826,4,6
155,77.47747747747748,80.03992015968065,2.5624426822031694,5,6
156,74.77477477477478,79.24151696606786,4.466742191293079,6,6
157,75.67567567567568,79.64071856287424,3.965042887198564,7,6
158,72.07207207207207,80.83832335329342,8.766251281221344,8,6
159,78.37837837837837,77.44510978043913,-0.9332685979392465,9,6
160,73.87387387387388,79.44111776447106,5.567243890597183,0,7
161,72.97297297297297,77.84431137724552,4.871338404272549,1,7
162,72.07207207207207,81.23752495009981,9.165452878027736,2,7
163,75.67567567567568,78.94211576846307,3.2664400927873913,3,7
164,78.37837837837837,80.23952095808383,1.861142579705458,4,7
165,78.37837837837837,79.54091816367266,1.1625397852942854,5,7
166,72.97297297297297,80.13972055888223,7.166747585909263,6,7
167,71.17117117117117,77.64471057884231,6.47353940767114,7,7
168,77.47747747747748,76.24750499001996,-1.2299724874575162,8,7
169,72.07207207207207,79.74051896207584,7.668446890003764,9,7
170,77.47747747747748,79.54091816367266,2.063440686195179,0,8
171,76.57657657657657,80.938123752495,4.361547175918432,1,8
172,73.87387387387388,78.0439121756487,4.170038301774824,2,8
173,72.97297297297297,78.74251497005989,5.769541997086918,3,8
174,74.77477477477478,78.84231536926147,4.067540594486687,4,8
175,77.47747747747748,80.13972055888223,2.6622430814047533,5,8
176,75.67567567567568,78.54291417165669,2.867238495981013,6,8
177,77.47747747747748,81.0379241516966,3.560446674219122,7,8
178,72.07207207207207,81.1377245508982,9.065652478826124,8,8
179,76.57657657657657,78.64271457085829,2.0661379942817177,9,8
180,73.87387387387388,80.53892215568862,6.665048281814748,0,9
181,77.47747747747748,80.83832335329342,3.36084587581594,1,9
182,75.67567567567568,79.84031936127745,4.164643685601774,2,9
183,72.97297297297297,79.04191616766467,6.068943194691698,3,9
184,73.87387387387388,79.04191616766467,5.168042293790791,4,9
185,80.18018018018019,81.0379241516966,0.8577439715164132,5,9
186,71.17117117117117,81.0379241516966,9.866752980525433,6,9
187,77.47747747747748,79.44111776447106,1.9636402869935807,7,9
188,68.46846846846847,79.74051896207584,11.272050493607367,8,9
189,76.57657657657657,78.3433133732535,1.7667367966769234,9,9
190,72.07207207207207,80.938123752495,8.866051680422927,0,10
191,68.46846846846847,80.938123752495,12.46965528402653,1,10
192,68.46846846846847,77.9441117764471,9.475643307978629,2,10
193,72.97297297297297,79.04191616766467,6.068943194691698,3,10
194,78.37837837837837,80.938123752495,2.5597453741166305,4,10
195,74.77477477477478,78.2435129740519,3.4687381992771122,5,10
196,77.47747747747748,80.13972055888223,2.6622430814047533,6,10
197,75.67567567567568,80.43912175648703,4.763446080811349,7,10
198,73.87387387387388,79.54091816367266,5.667044289798781,8,10
199,76.57657657657657,77.34530938123753,0.7687328046609565,9,10
