,test,train,diff,it,layer
0,43.333333333333336,63.888888888888886,20.55555555555555,0,1
1,43.333333333333336,57.96296296296296,14.629629629629626,1,1
2,50.0,64.44444444444444,14.444444444444443,2,1
3,53.333333333333336,67.4074074074074,14.074074074074069,3,1
4,48.333333333333336,56.666666666666664,8.333333333333329,4,1
5,55.00000000000001,61.111111111111114,6.111111111111107,5,1
6,60.0,65.18518518518519,5.1851851851851904,6,1
7,50.0,60.74074074074074,10.74074074074074,7,1
8,56.666666666666664,61.66666666666667,5.000000000000007,8,1
9,45.0,59.81481481481481,14.81481481481481,9,1
10,56.666666666666664,85.74074074074073,29.07407407407407,0,2
11,61.66666666666667,85.18518518518519,23.51851851851852,1,2
12,50.0,80.74074074074075,30.740740740740748,2,2
13,51.66666666666667,83.88888888888889,32.222222222222214,3,2
14,58.333333333333336,77.77777777777779,19.44444444444445,4,2
15,60.0,82.4074074074074,22.407407407407405,5,2
16,46.666666666666664,78.14814814814814,31.481481481481474,6,2
17,58.333333333333336,80.0,21.666666666666664,7,2
18,58.333333333333336,83.88888888888889,25.55555555555555,8,2
19,46.666666666666664,81.66666666666667,35.00000000000001,9,2
20,58.333333333333336,87.22222222222223,28.888888888888893,0,3
21,63.33333333333333,94.81481481481482,31.481481481481495,1,3
22,58.333333333333336,94.25925925925925,35.92592592592592,2,3
23,56.666666666666664,91.85185185185185,35.18518518518518,3,3
24,51.66666666666667,84.07407407407408,32.407407407407405,4,3
25,63.33333333333333,94.62962962962963,31.296296296296305,5,3
26,53.333333333333336,91.48148148148148,38.148148148148145,6,3
27,51.66666666666667,92.96296296296296,41.29629629629629,7,3
28,53.333333333333336,97.96296296296296,44.629629629629626,8,3
29,58.333333333333336,92.22222222222223,33.88888888888889,9,3
30,46.666666666666664,84.81481481481481,38.148148148148145,0,4
31,40.0,98.14814814814815,58.14814814814815,1,4
32,53.333333333333336,96.11111111111111,42.77777777777778,2,4
33,48.333333333333336,98.88888888888889,50.55555555555555,3,4
34,63.33333333333333,93.51851851851852,30.18518518518519,4,4
35,56.666666666666664,95.55555555555556,38.88888888888889,5,4
36,56.666666666666664,99.44444444444444,42.77777777777778,6,4
37,50.0,95.92592592592592,45.925925925925924,7,4
38,58.333333333333336,91.66666666666666,33.33333333333332,8,4
39,51.66666666666667,98.88888888888889,47.222222222222214,9,4
40,50.0,98.88888888888889,48.888888888888886,0,5
41,48.333333333333336,90.74074074074075,42.40740740740741,1,5
42,58.333333333333336,96.85185185185186,38.518518518518526,2,5
43,56.666666666666664,99.81481481481481,43.148148148148145,3,5
44,60.0,93.51851851851852,33.51851851851852,4,5
45,51.66666666666667,98.33333333333333,46.66666666666666,5,5
46,48.333333333333336,99.07407407407408,50.74074074074074,6,5
47,46.666666666666664,97.77777777777777,51.11111111111111,7,5
48,50.0,91.11111111111111,41.111111111111114,8,5
49,45.0,97.03703703703704,52.03703703703704,9,5
50,58.333333333333336,99.81481481481481,41.481481481481474,0,6
51,56.666666666666664,99.62962962962963,42.96296296296297,1,6
52,51.66666666666667,99.81481481481481,48.14814814814814,2,6
53,51.66666666666667,100.0,48.33333333333333,3,6
54,55.00000000000001,93.33333333333333,38.33333333333332,4,6
55,51.66666666666667,100.0,48.33333333333333,5,6
56,45.0,97.4074074074074,52.407407407407405,6,6
57,61.66666666666667,98.51851851851852,36.85185185185185,7,6
58,56.666666666666664,96.48148148148148,39.81481481481482,8,6
59,48.333333333333336,97.03703703703704,48.7037037037037,9,6
60,46.666666666666664,93.33333333333333,46.666666666666664,0,7
61,50.0,94.62962962962963,44.62962962962963,1,7
62,53.333333333333336,98.88888888888889,45.55555555555555,2,7
63,53.333333333333336,98.14814814814815,44.81481481481482,3,7
64,50.0,100.0,50.0,4,7
65,53.333333333333336,100.0,46.666666666666664,5,7
66,53.333333333333336,99.62962962962963,46.2962962962963,6,7
67,50.0,100.0,50.0,7,7
68,48.333333333333336,99.25925925925925,50.92592592592592,8,7
69,60.0,96.66666666666667,36.66666666666667,9,7
70,43.333333333333336,94.81481481481482,51.48148148148149,0,8
71,51.66666666666667,96.29629629629629,44.62962962962962,1,8
72,51.66666666666667,99.62962962962963,47.96296296296296,2,8
73,46.666666666666664,90.18518518518519,43.518518518518526,3,8
74,55.00000000000001,99.07407407407408,44.07407407407407,4,8
75,43.333333333333336,99.62962962962963,56.2962962962963,5,8
76,53.333333333333336,91.66666666666666,38.33333333333332,6,8
77,43.333333333333336,97.03703703703704,53.7037037037037,7,8
78,50.0,79.81481481481481,29.81481481481481,8,8
79,46.666666666666664,88.14814814814815,41.48148148148149,9,8
80,46.666666666666664,98.14814814814815,51.48148148148149,0,9
81,50.0,89.44444444444444,39.44444444444444,1,9
82,48.333333333333336,84.07407407407408,35.74074074074074,2,9
83,48.333333333333336,93.88888888888889,45.55555555555555,3,9
84,48.333333333333336,95.37037037037037,47.03703703703703,4,9
85,56.666666666666664,99.81481481481481,43.148148148148145,5,9
86,50.0,100.0,50.0,6,9
87,51.66666666666667,100.0,48.33333333333333,7,9
88,48.333333333333336,93.7037037037037,45.37037037037036,8,9
89,50.0,97.03703703703704,47.03703703703704,9,9
90,51.66666666666667,100.0,48.33333333333333,0,10
91,63.33333333333333,97.4074074074074,34.074074074074076,1,10
92,43.333333333333336,98.70370370370371,55.370370370370374,2,10
93,55.00000000000001,100.0,44.99999999999999,3,10
94,50.0,79.62962962962963,29.629629629629633,4,10
95,45.0,100.0,55.0,5,10
96,48.333333333333336,94.62962962962963,46.2962962962963,6,10
97,53.333333333333336,96.11111111111111,42.77777777777778,7,10
98,38.333333333333336,95.92592592592592,57.59259259259259,8,10
99,56.666666666666664,99.25925925925925,42.59259259259259,9,10
