,test,train,diff,it,layer
0,38.333333333333336,54.25925925925926,15.925925925925924,0,1
1,35.0,60.0,25.0,1,1
2,43.333333333333336,59.074074074074076,15.74074074074074,2,1
3,43.333333333333336,56.851851851851855,13.518518518518519,3,1
4,36.666666666666664,55.55555555555556,18.888888888888893,4,1
5,33.33333333333333,64.07407407407408,30.740740740740748,5,1
6,38.333333333333336,55.74074074074075,17.407407407407412,6,1
7,45.0,60.92592592592593,15.925925925925931,7,1
8,45.0,54.629629629629626,9.629629629629626,8,1
9,45.0,52.407407407407405,7.407407407407405,9,1
10,48.333333333333336,75.0,26.666666666666664,0,2
11,36.666666666666664,68.7037037037037,32.03703703703703,1,2
12,50.0,80.74074074074075,30.740740740740748,2,2
13,46.666666666666664,74.62962962962963,27.96296296296297,3,2
14,45.0,81.66666666666667,36.66666666666667,4,2
15,51.66666666666667,65.18518518518519,13.518518518518519,5,2
16,51.66666666666667,77.5925925925926,25.925925925925924,6,2
17,55.00000000000001,80.74074074074075,25.74074074074074,7,2
18,53.333333333333336,74.81481481481481,21.481481481481474,8,2
19,51.66666666666667,80.92592592592592,29.259259259259252,9,2
20,50.0,90.0,40.0,0,3
21,51.66666666666667,93.14814814814815,41.48148148148148,1,3
22,46.666666666666664,90.74074074074075,44.07407407407408,2,3
23,45.0,80.18518518518518,35.185185185185176,3,3
24,50.0,94.62962962962963,44.62962962962963,4,3
25,53.333333333333336,90.74074074074075,37.40740740740741,5,3
26,55.00000000000001,92.96296296296296,37.962962962962955,6,3
27,53.333333333333336,92.96296296296296,39.629629629629626,7,3
28,56.666666666666664,91.2962962962963,34.62962962962964,8,3
29,56.666666666666664,90.74074074074075,34.07407407407408,9,3
30,51.66666666666667,95.92592592592592,44.25925925925925,0,4
31,35.0,82.5925925925926,47.592592592592595,1,4
32,41.66666666666667,87.96296296296296,46.29629629629629,2,4
33,50.0,93.51851851851852,43.51851851851852,3,4
34,40.0,80.92592592592592,40.925925925925924,4,4
35,58.333333333333336,96.48148148148148,38.148148148148145,5,4
36,63.33333333333333,91.11111111111111,27.777777777777786,6,4
37,53.333333333333336,98.14814814814815,44.81481481481482,7,4
38,55.00000000000001,98.51851851851852,43.51851851851851,8,4
39,50.0,91.11111111111111,41.111111111111114,9,4
40,51.66666666666667,98.88888888888889,47.222222222222214,0,5
41,55.00000000000001,97.5925925925926,42.59259259259259,1,5
42,53.333333333333336,98.51851851851852,45.18518518518518,2,5
43,55.00000000000001,96.48148148148148,41.481481481481474,3,5
44,53.333333333333336,95.92592592592592,42.59259259259259,4,5
45,45.0,98.14814814814815,53.14814814814815,5,5
46,45.0,97.03703703703704,52.03703703703704,6,5
47,53.333333333333336,96.29629629629629,42.962962962962955,7,5
48,51.66666666666667,91.85185185185185,40.185185185185176,8,5
49,45.0,95.0,50.0,9,5
50,46.666666666666664,99.81481481481481,53.148148148148145,0,6
51,53.333333333333336,98.88888888888889,45.55555555555555,1,6
52,65.0,99.25925925925925,34.25925925925925,2,6
53,56.666666666666664,97.5925925925926,40.92592592592593,3,6
54,46.666666666666664,99.81481481481481,53.148148148148145,4,6
55,53.333333333333336,96.48148148148148,43.148148148148145,5,6
56,60.0,99.62962962962963,39.62962962962963,6,6
57,53.333333333333336,99.25925925925925,45.92592592592592,7,6
58,55.00000000000001,98.14814814814815,43.148148148148145,8,6
59,51.66666666666667,92.03703703703704,40.37037037037037,9,6
60,45.0,97.96296296296296,52.96296296296296,0,7
61,46.666666666666664,92.96296296296296,46.2962962962963,1,7
62,53.333333333333336,98.88888888888889,45.55555555555555,2,7
63,41.66666666666667,94.25925925925925,52.59259259259258,3,7
64,51.66666666666667,100.0,48.33333333333333,4,7
65,38.333333333333336,98.14814814814815,59.81481481481482,5,7
66,58.333333333333336,96.85185185185186,38.518518518518526,6,7
67,40.0,96.66666666666667,56.66666666666667,7,7
68,36.666666666666664,93.88888888888889,57.22222222222222,8,7
69,48.333333333333336,100.0,51.666666666666664,9,7
70,45.0,99.07407407407408,54.074074074074076,0,8
71,50.0,99.62962962962963,49.62962962962963,1,8
72,55.00000000000001,99.07407407407408,44.07407407407407,2,8
73,48.333333333333336,99.81481481481481,51.481481481481474,3,8
74,50.0,99.81481481481481,49.81481481481481,4,8
75,45.0,100.0,55.0,5,8
76,40.0,100.0,60.0,6,8
77,50.0,99.81481481481481,49.81481481481481,7,8
78,48.333333333333336,99.81481481481481,51.481481481481474,8,8
79,43.333333333333336,96.11111111111111,52.77777777777778,9,8
80,43.333333333333336,97.22222222222221,53.88888888888888,0,9
81,43.333333333333336,100.0,56.666666666666664,1,9
82,31.666666666666664,97.96296296296296,66.2962962962963,2,9
83,51.66666666666667,100.0,48.33333333333333,3,9
84,48.333333333333336,99.62962962962963,51.2962962962963,4,9
85,50.0,99.25925925925925,49.25925925925925,5,9
86,48.333333333333336,99.81481481481481,51.481481481481474,6,9
87,45.0,96.48148148148148,51.48148148148148,7,9
88,51.66666666666667,98.88888888888889,47.222222222222214,8,9
89,50.0,99.62962962962963,49.62962962962963,9,9
90,50.0,99.81481481481481,49.81481481481481,0,10
91,46.666666666666664,87.96296296296296,41.2962962962963,1,10
92,55.00000000000001,99.81481481481481,44.8148148148148,2,10
93,60.0,99.81481481481481,39.81481481481481,3,10
94,40.0,94.07407407407408,54.074074074074076,4,10
95,53.333333333333336,99.07407407407408,45.74074074074074,5,10
96,45.0,99.07407407407408,54.074074074074076,6,10
97,40.0,96.48148148148148,56.48148148148148,7,10
98,45.0,90.92592592592592,45.925925925925924,8,10
99,46.666666666666664,94.81481481481482,48.14814814814816,9,10
100,71.17117117117117,79.04191616766467,7.8707449964934995,0,1
101,68.46846846846847,79.94011976047905,11.471651292010577,1,1
102,70.27027027027027,79.14171656686626,8.871446296595991,2,1
103,72.07207207207207,79.44111776447106,7.369045692398984,3,1
104,69.36936936936937,80.938123752495,11.568754383125636,4,1
105,72.97297297297297,79.04191616766467,6.068943194691698,5,1
106,67.56756756756756,79.64071856287424,12.073150995306676,6,1
107,70.27027027027027,78.84231536926147,8.572045098991197,7,1
108,68.46846846846847,79.44111776447106,10.972649296002587,8,1
109,70.27027027027027,78.64271457085829,8.372444300588015,9,1
110,71.17117117117117,86.02794411177645,14.856772940605282,0,2
111,66.66666666666666,82.63473053892216,15.968063872255499,1,2
112,71.17117117117117,83.53293413173652,12.361762960565358,2,2
113,66.66666666666666,83.93213572854292,17.26546906187626,3,2
114,64.86486486486487,84.63073852295409,19.76587365808922,4,2
115,71.17117117117117,83.8323353293413,12.661164158170138,5,2
116,69.36936936936937,83.63273453093812,14.263365161568757,6,2
117,72.07207207207207,82.73453093812375,10.66245886605168,7,2
118,70.27027027027027,84.23153692614771,13.961266655877438,8,2
119,69.36936936936937,81.437125748503,12.067756379133627,9,2
120,70.27027027027027,88.42315369261478,18.1528834223445,0,3
121,64.86486486486487,89.02195608782435,24.15709122295948,1,3
122,73.87387387387388,88.92215568862275,15.048281814748876,2,3
123,73.87387387387388,90.31936127744511,16.445487403571235,3,3
124,74.77477477477478,92.71457085828342,17.93979608350864,4,3
125,73.87387387387388,87.62475049900199,13.750876625128114,5,3
126,71.17117117117117,90.8183632734531,19.647192102281934,6,3
127,72.97297297297297,91.71656686626747,18.743593893294502,7,3
128,72.97297297297297,90.71856287425149,17.74558990127852,8,3
129,72.97297297297297,95.30938123752495,22.336408264551977,9,3
130,72.97297297297297,97.40518962075848,24.43221664778551,0,4
131,68.46846846846847,89.62075848303394,21.152290014565466,1,4
132,70.27027027027027,96.00798403193613,25.73771376166586,2,4
133,69.36936936936937,95.10978043912176,25.740411069752398,3,4
134,72.97297297297297,98.60279441117764,25.629821438204672,4,4
135,70.27027027027027,95.40918163672654,25.13891136645627,5,4
136,71.17117117117117,94.61077844311377,23.439607271942606,6,4
137,70.27027027027027,96.6067864271457,26.336516156875433,7,4
138,71.17117117117117,97.80439121756487,26.633220046393703,8,4
139,72.07207207207207,91.11776447105788,19.045692398985807,9,4
140,76.57657657657657,98.50299401197606,21.926417435399486,0,5
141,72.97297297297297,98.30339321357286,25.330420240599892,1,5
142,72.07207207207207,96.7065868263473,24.63451475427523,2,5
143,71.17117117117117,98.40319361277446,27.23202244160329,3,5
144,72.07207207207207,98.20359281437125,26.131520742299173,4,5
145,66.66666666666666,96.7065868263473,30.039920159680648,5,5
146,66.66666666666666,99.40119760479041,32.734530938123754,6,5
147,71.17117117117117,96.00798403193613,24.836812860764965,7,5
148,72.97297297297297,96.6067864271457,23.63381345417274,8,5
149,78.37837837837837,98.00399201596807,19.625613637589694,9,5
150,74.77477477477478,98.30339321357286,23.528618438798077,0,6
151,67.56756756756756,89.42115768463074,21.853590117063177,1,6
152,75.67567567567568,97.70459081836327,22.028915142687595,2,6
153,71.17117117117117,96.9061876247505,25.735016453579334,3,6
154,76.57657657657657,98.30339321357286,21.72681663699629,4,6
155,72.07207207207207,99.60079840319361,27.528726331121533,5,6
156,69.36936936936937,96.30738522954093,26.93801586017156,6,6
157,72.97297297297297,96.30738522954093,23.33441225656796,7,6
158,67.56756756756756,98.50299401197606,30.935426444408492,8,6
159,72.07207207207207,99.30139720558883,27.229325133516753,9,6
160,75.67567567567568,95.30938123752495,19.63370556184927,0,7
161,73.87387387387388,96.00798403193613,22.134110158062256,1,7
162,71.17117117117117,97.70459081836327,26.533419647192105,2,7
163,66.66666666666666,98.90219560878243,32.23552894211578,3,7
164,65.76576576576578,95.50898203592814,29.743216270162364,4,7
165,63.96396396396396,97.0059880239521,33.04202405998814,5,7
166,72.07207207207207,99.00199600798403,26.929923935911958,6,7
167,70.27027027027027,97.60479041916167,27.3345201488914,7,7
168,72.97297297297297,98.20359281437125,25.23061984139828,8,7
169,72.07207207207207,97.80439121756487,25.732319145492795,9,7
170,72.97297297297297,97.50499001996008,24.532017046987107,0,8
171,72.07207207207207,94.11177644710578,22.039704375033708,1,8
172,64.86486486486487,96.20758483033931,31.342719965474444,2,8
173,64.86486486486487,94.71057884231537,29.8457139774505,3,8
174,66.66666666666666,95.30938123752495,28.64271457085829,4,8
175,72.97297297297297,99.40119760479041,26.428224631817443,5,8
176,68.46846846846847,91.31736526946108,22.848896800992605,6,8
177,67.56756756756756,98.20359281437125,30.636025246803683,7,8
178,72.97297297297297,94.11177644710578,21.138803474132814,8,8
179,68.46846846846847,98.30339321357286,29.834924745104388,9,8
180,69.36936936936937,94.81037924151696,25.44100987214759,0,9
181,72.97297297297297,98.10379241516966,25.130819442196696,1,9
182,70.27027027027027,98.10379241516966,27.83352214489939,2,9
183,70.27027027027027,96.9061876247505,26.635917354480227,3,9
184,76.57657657657657,97.70459081836327,21.1280142417867,4,9
185,74.77477477477478,99.10179640718563,24.327021632410847,5,9
186,71.17117117117117,98.60279441117764,27.431623240006473,6,9
187,73.87387387387388,98.80239520958084,24.92852133570696,7,9
188,70.27027027027027,88.62275449101796,18.352484220747684,8,9
189,70.27027027027027,97.60479041916167,27.3345201488914,9,9
190,72.07207207207207,97.2055888223553,25.13351675028322,0,10
191,70.27027027027027,96.6067864271457,26.336516156875433,1,10
192,77.47747747747748,98.50299401197606,21.02551653449858,2,10
193,72.97297297297297,98.00399201596807,25.031019042995098,3,10
194,76.57657657657657,98.40319361277446,21.826617036197888,4,10
195,64.86486486486487,97.80439121756487,32.9395263527,5,10
196,72.07207207207207,98.20359281437125,26.131520742299173,6,10
197,72.07207207207207,93.812375249501,21.740303177428927,7,10
198,71.17117117117117,96.50698602794411,25.33581485677294,8,10
199,72.07207207207207,94.81037924151696,22.73830716944488,9,10
