,test,train,diff,it,layer
0,38.333333333333336,54.25925925925926,15.925925925925924,0,1
1,35.0,60.0,25.0,1,1
2,43.333333333333336,59.074074074074076,15.74074074074074,2,1
3,43.333333333333336,56.851851851851855,13.518518518518519,3,1
4,36.666666666666664,55.55555555555556,18.888888888888893,4,1
5,33.33333333333333,64.07407407407408,30.740740740740748,5,1
6,38.333333333333336,55.74074074074075,17.407407407407412,6,1
7,45.0,60.92592592592593,15.925925925925931,7,1
8,45.0,54.629629629629626,9.629629629629626,8,1
9,45.0,52.407407407407405,7.407407407407405,9,1
10,48.333333333333336,75.0,26.666666666666664,0,2
11,36.666666666666664,68.7037037037037,32.03703703703703,1,2
12,50.0,80.74074074074075,30.740740740740748,2,2
13,46.666666666666664,74.62962962962963,27.96296296296297,3,2
14,45.0,81.66666666666667,36.66666666666667,4,2
15,51.66666666666667,65.18518518518519,13.518518518518519,5,2
16,51.66666666666667,77.5925925925926,25.925925925925924,6,2
17,55.00000000000001,80.74074074074075,25.74074074074074,7,2
18,53.333333333333336,74.81481481481481,21.481481481481474,8,2
19,51.66666666666667,80.92592592592592,29.259259259259252,9,2
20,50.0,90.0,40.0,0,3
21,51.66666666666667,93.14814814814815,41.48148148148148,1,3
22,46.666666666666664,90.74074074074075,44.07407407407408,2,3
23,45.0,80.18518518518518,35.185185185185176,3,3
24,50.0,94.62962962962963,44.62962962962963,4,3
25,53.333333333333336,90.74074074074075,37.40740740740741,5,3
26,55.00000000000001,92.96296296296296,37.962962962962955,6,3
27,53.333333333333336,92.96296296296296,39.629629629629626,7,3
28,56.666666666666664,91.2962962962963,34.62962962962964,8,3
29,56.666666666666664,90.74074074074075,34.07407407407408,9,3
30,51.66666666666667,95.92592592592592,44.25925925925925,0,4
31,35.0,82.5925925925926,47.592592592592595,1,4
32,41.66666666666667,87.96296296296296,46.29629629629629,2,4
33,50.0,93.51851851851852,43.51851851851852,3,4
34,40.0,80.92592592592592,40.925925925925924,4,4
35,58.333333333333336,96.48148148148148,38.148148148148145,5,4
36,63.33333333333333,91.11111111111111,27.777777777777786,6,4
37,53.333333333333336,98.14814814814815,44.81481481481482,7,4
38,55.00000000000001,98.51851851851852,43.51851851851851,8,4
39,50.0,91.11111111111111,41.111111111111114,9,4
40,51.66666666666667,98.88888888888889,47.222222222222214,0,5
41,55.00000000000001,97.5925925925926,42.59259259259259,1,5
42,53.333333333333336,98.51851851851852,45.18518518518518,2,5
43,55.00000000000001,96.48148148148148,41.481481481481474,3,5
44,53.333333333333336,95.92592592592592,42.59259259259259,4,5
45,45.0,98.14814814814815,53.14814814814815,5,5
46,45.0,97.03703703703704,52.03703703703704,6,5
47,53.333333333333336,96.29629629629629,42.962962962962955,7,5
48,51.66666666666667,91.85185185185185,40.185185185185176,8,5
49,45.0,95.0,50.0,9,5
50,46.666666666666664,99.81481481481481,53.148148148148145,0,6
51,53.333333333333336,98.88888888888889,45.55555555555555,1,6
52,65.0,99.25925925925925,34.25925925925925,2,6
53,56.666666666666664,97.5925925925926,40.92592592592593,3,6
54,46.666666666666664,99.81481481481481,53.148148148148145,4,6
55,53.333333333333336,96.48148148148148,43.148148148148145,5,6
56,60.0,99.62962962962963,39.62962962962963,6,6
57,53.333333333333336,99.25925925925925,45.92592592592592,7,6
58,55.00000000000001,98.14814814814815,43.148148148148145,8,6
59,51.66666666666667,92.03703703703704,40.37037037037037,9,6
60,45.0,97.96296296296296,52.96296296296296,0,7
61,46.666666666666664,92.96296296296296,46.2962962962963,1,7
62,53.333333333333336,98.88888888888889,45.55555555555555,2,7
63,41.66666666666667,94.25925925925925,52.59259259259258,3,7
64,51.66666666666667,100.0,48.33333333333333,4,7
65,38.333333333333336,98.14814814814815,59.81481481481482,5,7
66,58.333333333333336,96.85185185185186,38.518518518518526,6,7
67,40.0,96.66666666666667,56.66666666666667,7,7
68,36.666666666666664,93.88888888888889,57.22222222222222,8,7
69,48.333333333333336,100.0,51.666666666666664,9,7
70,45.0,99.07407407407408,54.074074074074076,0,8
71,50.0,99.62962962962963,49.62962962962963,1,8
72,55.00000000000001,99.07407407407408,44.07407407407407,2,8
73,48.333333333333336,99.81481481481481,51.481481481481474,3,8
74,50.0,99.81481481481481,49.81481481481481,4,8
75,45.0,100.0,55.0,5,8
76,40.0,100.0,60.0,6,8
77,50.0,99.81481481481481,49.81481481481481,7,8
78,48.333333333333336,99.81481481481481,51.481481481481474,8,8
79,43.333333333333336,96.11111111111111,52.77777777777778,9,8
80,43.333333333333336,97.22222222222221,53.88888888888888,0,9
81,43.333333333333336,100.0,56.666666666666664,1,9
82,31.666666666666664,97.96296296296296,66.2962962962963,2,9
83,51.66666666666667,100.0,48.33333333333333,3,9
84,48.333333333333336,99.62962962962963,51.2962962962963,4,9
85,50.0,99.25925925925925,49.25925925925925,5,9
86,48.333333333333336,99.81481481481481,51.481481481481474,6,9
87,45.0,96.48148148148148,51.48148148148148,7,9
88,51.66666666666667,98.88888888888889,47.222222222222214,8,9
89,50.0,99.62962962962963,49.62962962962963,9,9
90,50.0,99.81481481481481,49.81481481481481,0,10
91,46.666666666666664,87.96296296296296,41.2962962962963,1,10
92,55.00000000000001,99.81481481481481,44.8148148148148,2,10
93,60.0,99.81481481481481,39.81481481481481,3,10
94,40.0,94.07407407407408,54.074074074074076,4,10
95,53.333333333333336,99.07407407407408,45.74074074074074,5,10
96,45.0,99.07407407407408,54.074074074074076,6,10
97,40.0,96.48148148148148,56.48148148148148,7,10
98,45.0,90.92592592592592,45.925925925925924,8,10
99,46.666666666666664,94.81481481481482,48.14814814814816,9,10
