,test,train,diff,it,layer
0,43.333333333333336,63.888888888888886,20.55555555555555,0,1
1,43.333333333333336,57.96296296296296,14.629629629629626,1,1
2,50.0,64.44444444444444,14.444444444444443,2,1
3,53.333333333333336,67.4074074074074,14.074074074074069,3,1
4,48.333333333333336,56.666666666666664,8.333333333333329,4,1
5,55.00000000000001,61.111111111111114,6.111111111111107,5,1
6,60.0,65.18518518518519,5.1851851851851904,6,1
7,50.0,60.74074074074074,10.74074074074074,7,1
8,56.666666666666664,61.66666666666667,5.000000000000007,8,1
9,45.0,59.81481481481481,14.81481481481481,9,1
10,56.666666666666664,85.74074074074073,29.07407407407407,0,2
11,61.66666666666667,85.18518518518519,23.51851851851852,1,2
12,50.0,80.74074074074075,30.740740740740748,2,2
13,51.66666666666667,83.88888888888889,32.222222222222214,3,2
14,58.333333333333336,77.77777777777779,19.44444444444445,4,2
15,60.0,82.4074074074074,22.407407407407405,5,2
16,46.666666666666664,78.14814814814814,31.481481481481474,6,2
17,58.333333333333336,80.0,21.666666666666664,7,2
18,58.333333333333336,83.88888888888889,25.55555555555555,8,2
19,46.666666666666664,81.66666666666667,35.00000000000001,9,2
20,58.333333333333336,87.22222222222223,28.888888888888893,0,3
21,63.33333333333333,94.81481481481482,31.481481481481495,1,3
22,58.333333333333336,94.25925925925925,35.92592592592592,2,3
23,56.666666666666664,91.85185185185185,35.18518518518518,3,3
24,51.66666666666667,84.07407407407408,32.407407407407405,4,3
25,63.33333333333333,94.62962962962963,31.296296296296305,5,3
26,53.333333333333336,91.48148148148148,38.148148148148145,6,3
27,51.66666666666667,92.96296296296296,41.29629629629629,7,3
28,53.333333333333336,97.96296296296296,44.629629629629626,8,3
29,58.333333333333336,92.22222222222223,33.88888888888889,9,3
30,46.666666666666664,84.81481481481481,38.148148148148145,0,4
31,40.0,98.14814814814815,58.14814814814815,1,4
32,53.333333333333336,96.11111111111111,42.77777777777778,2,4
33,48.333333333333336,98.88888888888889,50.55555555555555,3,4
34,63.33333333333333,93.51851851851852,30.18518518518519,4,4
35,56.666666666666664,95.55555555555556,38.88888888888889,5,4
36,56.666666666666664,99.44444444444444,42.77777777777778,6,4
37,50.0,95.92592592592592,45.925925925925924,7,4
38,58.333333333333336,91.66666666666666,33.33333333333332,8,4
39,51.66666666666667,98.88888888888889,47.222222222222214,9,4
40,50.0,98.88888888888889,48.888888888888886,0,5
41,48.333333333333336,90.74074074074075,42.40740740740741,1,5
42,58.333333333333336,96.85185185185186,38.518518518518526,2,5
43,56.666666666666664,99.81481481481481,43.148148148148145,3,5
44,60.0,93.51851851851852,33.51851851851852,4,5
45,51.66666666666667,98.33333333333333,46.66666666666666,5,5
46,48.333333333333336,99.07407407407408,50.74074074074074,6,5
47,46.666666666666664,97.77777777777777,51.11111111111111,7,5
48,50.0,91.11111111111111,41.111111111111114,8,5
49,45.0,97.03703703703704,52.03703703703704,9,5
50,58.333333333333336,99.81481481481481,41.481481481481474,0,6
51,56.666666666666664,99.62962962962963,42.96296296296297,1,6
52,51.66666666666667,99.81481481481481,48.14814814814814,2,6
53,51.66666666666667,100.0,48.33333333333333,3,6
54,55.00000000000001,93.33333333333333,38.33333333333332,4,6
55,51.66666666666667,100.0,48.33333333333333,5,6
56,45.0,97.4074074074074,52.407407407407405,6,6
57,61.66666666666667,98.51851851851852,36.85185185185185,7,6
58,56.666666666666664,96.48148148148148,39.81481481481482,8,6
59,48.333333333333336,97.03703703703704,48.7037037037037,9,6
60,46.666666666666664,93.33333333333333,46.666666666666664,0,7
61,50.0,94.62962962962963,44.62962962962963,1,7
62,53.333333333333336,98.88888888888889,45.55555555555555,2,7
63,53.333333333333336,98.14814814814815,44.81481481481482,3,7
64,50.0,100.0,50.0,4,7
65,53.333333333333336,100.0,46.666666666666664,5,7
66,53.333333333333336,99.62962962962963,46.2962962962963,6,7
67,50.0,100.0,50.0,7,7
68,48.333333333333336,99.25925925925925,50.92592592592592,8,7
69,60.0,96.66666666666667,36.66666666666667,9,7
70,43.333333333333336,94.81481481481482,51.48148148148149,0,8
71,51.66666666666667,96.29629629629629,44.62962962962962,1,8
72,51.66666666666667,99.62962962962963,47.96296296296296,2,8
73,46.666666666666664,90.18518518518519,43.518518518518526,3,8
74,55.00000000000001,99.07407407407408,44.07407407407407,4,8
75,43.333333333333336,99.62962962962963,56.2962962962963,5,8
76,53.333333333333336,91.66666666666666,38.33333333333332,6,8
77,43.333333333333336,97.03703703703704,53.7037037037037,7,8
78,50.0,79.81481481481481,29.81481481481481,8,8
79,46.666666666666664,88.14814814814815,41.48148148148149,9,8
80,46.666666666666664,98.14814814814815,51.48148148148149,0,9
81,50.0,89.44444444444444,39.44444444444444,1,9
82,48.333333333333336,84.07407407407408,35.74074074074074,2,9
83,48.333333333333336,93.88888888888889,45.55555555555555,3,9
84,48.333333333333336,95.37037037037037,47.03703703703703,4,9
85,56.666666666666664,99.81481481481481,43.148148148148145,5,9
86,50.0,100.0,50.0,6,9
87,51.66666666666667,100.0,48.33333333333333,7,9
88,48.333333333333336,93.7037037037037,45.37037037037036,8,9
89,50.0,97.03703703703704,47.03703703703704,9,9
90,51.66666666666667,100.0,48.33333333333333,0,10
91,63.33333333333333,97.4074074074074,34.074074074074076,1,10
92,43.333333333333336,98.70370370370371,55.370370370370374,2,10
93,55.00000000000001,100.0,44.99999999999999,3,10
94,50.0,79.62962962962963,29.629629629629633,4,10
95,45.0,100.0,55.0,5,10
96,48.333333333333336,94.62962962962963,46.2962962962963,6,10
97,53.333333333333336,96.11111111111111,42.77777777777778,7,10
98,38.333333333333336,95.92592592592592,57.59259259259259,8,10
99,56.666666666666664,99.25925925925925,42.59259259259259,9,10
100,76.57657657657657,80.43912175648703,3.8625451799104553,0,1
101,76.57657657657657,80.23952095808383,3.662944381507259,1,1
102,78.37837837837837,80.73852295409182,2.3601445757134485,2,1
103,77.47747747747748,81.23752495009981,3.7600474726223325,3,1
104,76.57657657657657,80.13972055888223,3.563143982305661,4,1
105,79.27927927927928,80.23952095808383,0.9602416788045502,5,1
106,74.77477477477478,80.33932135728543,5.564546582510644,6,1
107,80.18018018018019,80.53892215568862,0.3587419755084369,7,1
108,78.37837837837837,81.63672654690619,3.2583481685278173,8,1
109,76.57657657657657,80.43912175648703,3.8625451799104553,9,1
110,75.67567567567568,79.44111776447106,3.765442088795382,0,2
111,74.77477477477478,86.02794411177645,11.253169337001665,1,2
112,74.77477477477478,87.2255489021956,12.450774127420814,2,2
113,74.77477477477478,85.22954091816366,10.45476614338888,3,2
114,72.97297297297297,85.52894211576846,12.55596914279549,4,2
115,68.46846846846847,78.54291417165669,10.074445703188218,5,2
116,77.47747747747748,84.3313373253493,6.853859847871817,6,2
117,73.87387387387388,84.73053892215569,10.856665048281812,7,2
118,75.67567567567568,82.93413173652695,7.258456060851273,8,2
119,75.67567567567568,85.12974051896207,9.454064843286389,9,2
120,72.07207207207207,91.91616766467065,19.844095592598578,0,3
121,73.87387387387388,91.61676646706587,17.742892593191996,1,3
122,72.97297297297297,92.21556886227546,19.242595889302493,2,3
123,72.97297297297297,94.71057884231537,21.737605869342403,3,3
124,72.97297297297297,92.81437125748504,19.841398284512067,4,3
125,67.56756756756756,91.51696606786427,23.94939850029671,5,3
126,73.87387387387388,85.02994011976048,11.156066245886606,6,3
127,79.27927927927928,94.11177644710578,14.832497167826503,7,3
128,77.47747747747748,84.4311377245509,6.953660247073415,8,3
129,71.17117117117117,94.2115768463074,23.040405675136228,9,3
130,63.06306306306306,96.20758483033931,33.14452176727625,0,4
131,68.46846846846847,89.42115768463074,20.95268921616227,1,4
132,72.97297297297297,98.60279441117764,25.629821438204672,2,4
133,75.67567567567568,92.31536926147704,16.639693585801368,3,4
134,66.66666666666666,98.10379241516966,31.437125748503007,4,4
135,63.96396396396396,97.40518962075848,33.441225656794515,5,4
136,72.97297297297297,95.70858283433134,22.73560986135837,6,4
137,69.36936936936937,98.90219560878243,29.53282623941307,7,4
138,64.86486486486487,89.92015968063872,25.05529481577385,8,4
139,74.77477477477478,93.21357285429141,18.43879807951663,9,4
140,74.77477477477478,94.91017964071857,20.135404865943784,0,5
141,68.46846846846847,94.71057884231537,26.2421103738469,1,5
142,64.86486486486487,97.0059880239521,32.14112315908723,2,5
143,72.97297297297297,98.90219560878243,25.929222635809467,3,5
144,69.36936936936937,99.00199600798403,29.632626638614667,4,5
145,73.87387387387388,92.31536926147704,18.44149538760317,5,5
146,64.86486486486487,97.1057884231537,32.24092355828883,6,5
147,62.16216216216216,96.6067864271457,34.444624264983545,7,5
148,71.17117117117117,98.60279441117764,27.431623240006473,8,5
149,69.36936936936937,98.40319361277446,29.033824243405093,9,5
150,69.36936936936937,98.40319361277446,29.033824243405093,0,6
151,68.46846846846847,96.9061876247505,28.43771915628203,1,6
152,63.96396396396396,98.90219560878243,34.93823164481847,2,6
153,69.36936936936937,98.70259481037924,29.333225441009873,3,6
154,72.07207207207207,98.40319361277446,26.331121540702384,4,6
155,61.261261261261254,99.60079840319361,38.339537141932354,5,6
156,72.07207207207207,95.20958083832335,23.137508766251273,6,6
157,69.36936936936937,98.90219560878243,29.53282623941307,7,6
158,67.56756756756756,98.60279441117764,31.035226843610076,8,6
159,73.87387387387388,91.51696606786427,17.643092193990398,9,6
160,71.17117117117117,97.60479041916167,26.433619247990507,0,7
161,72.07207207207207,95.30938123752495,23.23730916545287,1,7
162,72.07207207207207,93.51297405189621,21.440901979824133,2,7
163,67.56756756756756,98.20359281437125,30.636025246803683,3,7
164,72.97297297297297,96.7065868263473,23.733613853374337,4,7
165,72.97297297297297,98.90219560878243,25.929222635809467,5,7
166,72.07207207207207,96.8063872255489,24.734315153476828,6,7
167,64.86486486486487,97.90419161676647,33.0393267519016,7,7
168,72.07207207207207,98.60279441117764,26.530722339105566,8,7
169,72.97297297297297,99.50099800399201,26.52802503101904,9,7
170,63.06306306306306,98.60279441117764,35.53973134811458,0,8
171,67.56756756756756,99.30139720558883,31.733829638021263,1,8
172,72.07207207207207,96.00798403193613,23.935911959864058,2,8
173,66.66666666666666,95.30938123752495,28.64271457085829,3,8
174,76.57657657657657,94.51097804391217,17.934401467335604,4,8
175,68.46846846846847,99.00199600798403,30.53352753951556,5,8
176,73.87387387387388,98.70259481037924,24.828720936505363,6,8
177,70.27027027027027,99.30139720558883,29.031126935318554,7,8
178,72.97297297297297,97.90419161676647,24.9312186437935,8,8
179,75.67567567567568,99.10179640718563,23.426120731509954,9,8
180,63.06306306306306,93.31337325349301,30.25031019042995,0,9
181,67.56756756756756,97.2055888223553,29.63802125478773,1,9
182,70.27027027027027,96.50698602794411,26.236715757673835,2,9
183,68.46846846846847,93.01397205588823,24.54550358741976,3,9
184,68.46846846846847,92.81437125748504,24.345902789016563,4,9
185,73.87387387387388,96.6067864271457,22.73291255327183,5,9
186,70.27027027027027,97.40518962075848,27.134919350488204,6,9
187,69.36936936936937,99.60079840319361,30.23142903382424,7,9
188,64.86486486486487,98.80239520958084,33.93753034471597,8,9
189,72.07207207207207,97.40518962075848,25.333117548686403,9,9
190,69.36936936936937,98.50299401197606,29.13362464260669,0,10
191,73.87387387387388,90.8183632734531,16.944489399579226,1,10
192,70.27027027027027,95.70858283433134,25.438312564061064,2,10
193,63.96396396396396,98.50299401197606,34.539030048012094,3,10
194,73.87387387387388,88.82235528942117,14.948481415547292,4,10
195,72.07207207207207,97.90419161676647,25.832119544694393,5,10
196,71.17117117117117,95.20958083832335,24.03840966715218,6,10
197,68.46846846846847,98.80239520958084,30.333926741112364,7,10
198,74.77477477477478,96.9061876247505,22.131412849975717,8,10
199,67.56756756756756,95.70858283433134,28.141015266763773,9,10
